%YAML:1.0
---
model_type: PINHOLE
camera_name: camera
image_width: 640
image_height: 480
distortion_parameters:
   k1: 0
   k2: 0
   p1: 0
   p2: 0
projection_parameters:
   fx: 526.580542139459
   fy: 525.4382302048066
   cx: 327.07092587173656
   cy: 229.29855500336149